frame,id,x,y,state
0,1,0,0,0
0,2,0,0,0
0,3,0,0,0
0,4,0,2,0
0,5,0,-2,0
0,6,0,1,0
0,7,0,4,0
0,8,0,2,0
0,9,0,2,0
0,10,0,2,0
0,11,0,2,0
0,12,0,2,0
0,13,0,2,0
0,14,0,1,0
0,15,0,2,0
1,1,0,0,0
1,2,0,0,0
1,3,0,0,0
1,4,0,3,0
1,5,0,0,0
1,6,0,2,0
1,7,0,3,0
1,8,0,2,0
1,9,0,2,0
1,10,0,2,0
1,11,0,2,0
1,12,0,2,0
1,13,0,2,0
1,14,0,1,0
1,15,0,2,0
2,1,0,0,0
2,2,0,1,0
2,3,0,0,0
2,4,0,1,0
2,6,0,2,0
2,7,0,4,0
2,9,0,2,0
2,10,0,2,0
2,11,0,2,0
2,12,0,2,0
2,13,0,2,0
2,15,0,2,0
2,16,0,1,0
2,17,0,0,0
3,1,0,0,0
3,2,0,1,0
3,3,0,0,0
3,4,0,2,0
3,6,0,2,0
3,7,0,2,0
3,9,0,2,0
3,10,0,2,0
3,11,0,2,0
3,12,0,2,0
3,17,0,1,0
3,18,0,1,0
3,19,0,2,0
4,1,0,0,0
4,2,0,1,0
4,3,0,0,0
4,4,0,2,0
4,6,0,1,0
4,7,0,2,0
4,9,0,2,0
4,10,0,2,0
4,11,0,2,0
4,17,0,1,0
4,18,0,1,0
4,19,0,2,0
5,1,0,0,0
5,2,0,1,0
5,3,0,0,0
5,4,0,2,0
5,6,0,2,0
5,7,0,2,0
5,9,0,2,0
5,10,0,2,0
5,11,0,2,0
5,17,0,1,0
5,18,0,1,0
5,20,0,2,0
5,21,0,1,0
6,1,0,0,0
6,2,0,1,0
6,3,0,0,0
6,4,0,2,0
6,6,0,2,0
6,7,0,1,0
6,9,0,2,0
6,10,0,2,0
6,11,0,2,0
6,17,0,1,0
6,18,0,2,0
6,20,0,2,0
6,21,0,1,0
7,1,0,0,0
7,2,0,1,0
7,3,0,0,0
7,4,0,2,0
7,6,0,2,0
7,7,0,2,0
7,9,0,2,0
7,10,0,2,0
7,11,0,1,0
7,17,0,0,0
7,18,0,1,0
7,20,0,2,0
7,21,0,1,0
7,22,0,0,0
7,23,0,6,0
7,24,0,2,0
8,1,0,0,0
8,2,0,1,0
8,3,0,0,0
8,4,0,2,0
8,6,0,1,0
8,7,0,1,0
8,9,0,2,0
8,10,0,2,0
8,11,0,1,0
8,17,0,1,0
8,18,0,1,0
8,20,0,1,0
8,21,0,2,0
9,1,0,0,0
9,2,0,1,0
9,3,0,0,0
9,4,0,2,0
9,6,0,1,0
9,7,0,1,0
9,9,0,2,0
9,10,0,2,0
9,11,0,1,0
9,17,0,1,0
9,18,0,1,0
9,20,0,1,0
9,21,0,1,0
10,1,0,0,0
10,2,0,1,0
10,3,0,0,0
10,4,0,2,0
10,6,0,2,0
10,7,0,1,0
10,9,0,2,0
10,10,0,1,0
10,17,0,1,0
10,18,0,1,0
10,20,0,1,0
10,21,0,1,0
10,25,0,1,0
11,1,0,0,0
11,2,0,1,0
11,3,0,0,0
11,4,0,2,0
11,6,0,2,0
11,7,0,1,0
11,9,0,2,0
11,10,0,1,0
11,17,0,1,0
11,18,0,1,0
11,20,0,2,0
11,21,0,1,0
11,26,0,1,0
12,1,0,0,0
12,2,0,1,0
12,3,0,0,0
12,4,0,2,0
12,6,0,2,0
12,7,0,1,0
12,9,0,2,0
12,10,0,1,0
12,17,0,1,0
12,18,0,1,0
12,20,0,2,0
12,21,0,1,0
12,26,0,1,0
13,1,0,0,0
13,2,0,1,0
13,3,0,0,0
13,4,0,2,0
13,6,0,2,0
13,7,0,1,0
13,9,0,2,0
13,10,0,1,0
13,17,0,1,0
13,18,0,1,0
13,20,0,2,0
13,21,0,1,0
13,26,0,1,0
14,1,0,0,0
14,2,0,1,0
14,3,0,0,0
14,4,0,2,0
14,6,0,2,0
14,7,0,1,0
14,9,0,2,0
14,10,0,1,0
14,17,0,1,0
14,18,0,1,0
14,20,0,2,0
14,21,0,1,0
14,26,0,1,0
15,1,0,0,0
15,2,0,1,0
15,3,0,0,0
15,4,0,2,0
15,6,0,2,0
15,7,0,1,0
15,9,0,2,0
15,10,0,1,0
15,17,0,1,0
15,18,0,1,0
15,20,0,2,0
15,21,0,1,0
15,26,0,1,0
16,1,0,0,0
16,2,0,1,0
16,3,0,0,0
16,4,0,2,0
16,6,0,2,0
16,7,0,1,0
16,9,0,1,0
16,17,0,1,0
16,18,0,1,0
16,20,0,2,0
16,21,0,1,0
16,26,0,1,0
17,1,0,0,0
17,2,0,0,0
17,3,0,0,0
17,4,0,2,0
17,6,0,1,0
17,7,0,1,0
17,9,0,1,0
17,17,0,1,0
17,18,0,-2,0
17,20,0,2,0
17,21,0,1,0
17,26,0,1,0
17,27,0,2,0
17,28,0,1,0
18,1,0,0,0
18,2,0,0,0
18,3,0,0,0
18,4,0,2,0
18,6,0,2,0
18,7,0,1,0
18,9,0,1,0
18,17,0,1,0
18,18,0,1,0
18,21,0,-1,0
18,26,0,1,0
18,27,0,2,0
18,28,0,1,0
18,29,0,0,0
19,1,0,0,0
19,2,0,1,0
19,3,0,0,0
19,4,0,2,0
19,6,0,2,0
19,7,0,1,0
19,9,0,1,0
19,17,0,1,0
19,18,0,-1,0
19,21,0,1,0
19,26,0,1,0
19,28,0,1,0
19,30,0,2,0
20,1,0,0,0
20,2,0,0,0
20,3,0,0,0
20,4,0,2,0
20,6,0,2,0
20,7,0,1,0
20,9,0,1,0
20,17,0,1,0
20,18,0,1,0
20,21,0,1,0
20,26,0,-1,0
20,28,0,1,0
20,30,0,1,0
20,31,0,2,0
21,1,0,0,0
21,2,0,1,0
21,3,0,0,0
21,4,0,2,0
21,6,0,1,0
21,7,0,1,0
21,9,0,1,0
21,17,0,1,0
21,18,0,1,0
21,21,0,1,0
21,28,0,1,0
21,30,0,2,0
21,32,0,0,0
22,1,0,0,0
22,2,0,0,0
22,3,0,0,0
22,4,0,2,0
22,6,0,1,0
22,7,0,2,0
22,9,0,1,0
22,17,0,1,0
22,18,0,1,0
22,21,0,1,0
22,28,0,1,0
22,30,0,1,0
22,32,0,0,0
22,33,0,2,0
22,34,0,1,0
23,1,0,0,0
23,2,0,0,0
23,3,0,0,0
23,4,0,2,0
23,6,0,1,0
23,7,0,2,0
23,9,0,1,0
23,17,0,1,0
23,18,0,1,0
23,21,0,1,0
23,28,0,1,0
23,30,0,1,0
23,32,0,0,0
23,33,0,2,0
23,34,0,1,0
24,1,0,0,0
24,2,0,0,0
24,3,0,0,0
24,4,0,2,0
24,6,0,1,0
24,9,0,1,0
24,17,0,1,0
24,18,0,2,0
24,21,0,2,0
24,28,0,1,0
24,30,0,1,0
24,32,0,0,0
24,33,0,1,0
24,34,0,1,0
25,1,0,0,0
25,2,0,0,0
25,3,0,0,0
25,4,0,2,0
25,6,0,1,0
25,9,0,1,0
25,17,0,1,0
25,18,0,2,0
25,21,0,2,0
25,28,0,1,0
25,32,0,0,0
25,33,0,2,0
25,34,0,1,0
25,35,0,1,0
26,1,0,0,0
26,2,0,0,0
26,3,0,0,0
26,4,0,2,0
26,6,0,1,0
26,9,0,1,0
26,17,0,1,0
26,18,0,1,0
26,21,0,1,0
26,28,0,1,0
26,33,0,2,0
26,34,0,1,0
26,35,0,1,0
27,1,0,0,0
27,2,0,0,0
27,3,0,0,0
27,4,0,3,0
27,6,0,1,0
27,9,0,1,0
27,17,0,1,0
27,18,0,2,0
27,21,0,1,0
27,28,0,1,0
27,33,0,1,0
27,34,0,1,0
27,35,0,1,0
27,36,0,0,0
27,37,0,2,0
28,1,0,0,0
28,2,0,0,0
28,3,0,0,0
28,4,0,2,0
28,6,0,1,0
28,9,0,1,0
28,17,0,1,0
28,21,0,1,0
28,28,0,1,0
28,33,0,1,0
28,34,0,2,0
28,35,0,1,0
28,38,0,0,0
29,1,0,0,0
29,2,0,0,0
29,3,0,0,0
29,4,0,2,0
29,6,0,1,0
29,9,0,1,0
29,17,0,1,0
29,21,0,1,0
29,28,0,1,0
29,33,0,1,0
29,34,0,2,0
29,35,0,1,0
29,38,0,0,0
29,39,0,1,0
29,40,0,2,0
30,1,0,0,0
30,2,0,0,0
30,3,0,0,0
30,4,0,2,0
30,6,0,1,0
30,9,0,1,0
30,17,0,1,0
30,21,0,1,0
30,28,0,1,0
30,33,0,2,0
30,34,0,1,0
30,35,0,1,0
30,39,0,1,0
30,40,0,1,0
31,1,0,0,0
31,2,0,0,0
31,3,0,0,0
31,4,0,3,0
31,6,0,2,0
31,9,0,1,0
31,17,0,1,0
31,21,0,1,0
31,28,0,1,0
31,33,0,2,0
31,34,0,1,0
31,35,0,1,0
31,39,0,1,0
31,40,0,1,0
31,41,0,0,0
32,1,0,0,0
32,2,0,0,0
32,3,0,0,0
32,4,0,3,0
32,6,0,2,0
32,9,0,1,0
32,17,0,1,0
32,21,0,1,0
32,28,0,1,0
32,33,0,2,0
32,34,0,1,0
32,35,0,1,0
32,39,0,1,0
32,40,0,1,0
32,41,0,0,0
33,1,0,0,0
33,2,0,0,0
33,3,0,0,0
33,4,0,3,0
33,6,0,1,0
33,9,0,1,0
33,17,0,1,0
33,21,0,1,0
33,28,0,1,0
33,33,0,2,0
33,34,0,1,0
33,35,0,1,0
33,39,0,1,0
33,40,0,2,0
33,41,0,0,0
34,1,0,0,0
34,2,0,0,0
34,3,0,0,0
34,4,0,2,0
34,6,0,1,0
34,9,0,1,0
34,17,0,1,0
34,21,0,1,0
34,28,0,1,0
34,33,0,2,0
34,34,0,1,0
34,35,0,1,0
34,39,0,2,0
34,40,0,2,0
35,1,0,0,0
35,2,0,0,0
35,3,0,0,0
35,4,0,2,0
35,6,0,2,0
35,9,0,1,0
35,17,0,1,0
35,21,0,2,0
35,28,0,1,0
35,33,0,2,0
35,34,0,1,0
35,35,0,1,0
35,39,0,2,0
35,40,0,2,0
35,42,0,0,0
36,1,0,0,0
36,2,0,0,0
36,3,0,0,0
36,4,0,1,0
36,6,0,1,0
36,9,0,1,0
36,17,0,1,0
36,21,0,2,0
36,28,0,1,0
36,33,0,1,0
36,34,0,1,0
36,35,0,2,0
36,39,0,2,0
36,40,0,1,0
36,42,0,0,0
37,1,0,0,0
37,2,0,0,0
37,3,0,0,0
37,4,0,3,0
37,6,0,2,0
37,9,0,1,0
37,17,0,1,0
37,21,0,1,0
37,28,0,1,0
37,33,0,1,0
37,34,0,1,0
37,39,0,2,0
37,40,0,1,0
37,42,0,0,0
37,43,0,1,0
38,1,0,0,0
38,2,0,0,0
38,3,0,0,0
38,4,0,2,0
38,6,0,1,0
38,9,0,1,0
38,17,0,1,0
38,21,0,2,0
38,28,0,1,0
38,33,0,2,0
38,34,0,1,0
38,39,0,1,0
38,40,0,1,0
38,44,0,0,0
39,1,0,0,0
39,2,0,0,0
39,3,0,0,0
39,4,0,2,0
39,6,0,1,0
39,9,0,1,0
39,17,0,1,0
39,28,0,1,0
39,33,0,2,0
39,34,0,1,0
39,40,0,1,0
39,44,0,1,0
39,45,0,0,0
39,46,1,2,0
40,1,0,-1,0
40,2,0,0,0
40,3,0,0,0
40,4,0,3,0
40,6,0,1,0
40,9,0,1,0
40,17,0,1,0
40,28,0,1,0
40,33,0,2,0
40,34,0,1,0
40,40,0,1,0
40,44,0,1,0
40,46,1,2,0
40,47,0,2,0
41,1,0,-1,0
41,2,0,0,0
41,3,0,0,0
41,4,0,3,0
41,6,0,1,0
41,9,0,1,0
41,17,0,1,0
41,28,0,1,0
41,33,0,2,0
41,34,0,1,0
41,40,0,2,0
41,44,0,1,0
41,46,1,2,0
41,47,0,1,0
41,48,0,0,0
42,1,0,-1,0
42,2,0,0,0
42,3,0,0,0
42,4,0,2,0
42,6,0,1,0
42,9,0,1,0
42,17,0,1,0
42,28,0,1,0
42,33,0,2,0
42,34,0,1,0
42,44,0,1,0
42,46,1,2,0
42,47,0,2,0
42,48,0,0,0
43,1,0,-2,0
43,2,0,0,0
43,3,0,0,0
43,4,0,3,0
43,6,0,1,0
43,9,0,1,0
43,17,0,1,0
43,28,0,1,0
43,33,0,2,0
43,34,0,0,0
43,44,0,1,0
43,46,1,2,0
43,47,0,2,0
43,48,0,0,0
43,49,0,1,0
44,1,0,-2,0
44,2,0,0,0
44,3,0,0,0
44,4,0,3,0
44,6,0,1,0
44,9,0,1,0
44,17,0,1,0
44,28,0,1,0
44,33,0,2,0
44,34,0,0,0
44,44,0,0,0
44,46,1,2,0
44,47,0,2,0
44,48,0,0,0
44,49,0,1,0
45,1,0,-3,0
45,2,0,0,0
45,3,0,0,0
45,4,0,1,0
45,6,0,2,0
45,9,0,1,0
45,17,0,1,0
45,28,0,1,0
45,33,0,2,0
45,34,0,0,0
45,44,0,0,0
45,47,0,1,0
45,49,0,1,0
46,1,0,-3,0
46,2,0,0,0
46,3,0,0,0
46,4,0,2,0
46,6,0,1,0
46,9,0,1,0
46,17,0,1,0
46,28,0,1,0
46,33,0,2,0
46,34,0,0,0
46,44,0,1,0
46,47,0,1,0
46,49,0,1,0
46,50,0,0,0
47,1,0,-3,0
47,2,0,0,0
47,3,0,0,0
47,4,0,1,0
47,6,0,3,0
47,9,0,1,0
47,17,0,1,0
47,28,0,1,0
47,33,0,2,0
47,34,0,0,0
47,44,0,1,0
47,47,0,1,0
47,49,0,1,0
47,50,0,0,0
48,1,0,-3,0
48,2,0,0,0
48,3,0,0,0
48,4,0,1,0
48,6,0,1,0
48,9,0,1,0
48,17,0,1,0
48,28,0,1,0
48,33,0,2,0
48,34,0,0,0
48,44,0,1,0
48,47,0,1,0
48,49,0,1,0
49,1,0,-4,0
49,2,0,0,0
49,3,0,0,0
49,4,0,1,0
49,6,0,1,0
49,9,0,1,0
49,17,0,1,0
49,28,0,2,0
49,33,0,2,0
49,34,0,0,0
49,44,0,1,0
49,49,0,1,0
49,51,0,0,0
