frame,id,old_id,l,t,w,h,s,gpx,gpy,state
0,1,3,673,422,121,249,0.92,0,2,0
0,3,2,214,463,125,351,0.93,0,0,0
0,4,4,1259,423,81,226,0.91,0,4,0
0,7,1,1488,392,171,440,0.93,0,7,0
0,8,5,978,402,89,197,0.91,0,3,0
1,1,3,670,421,122,250,0.91,0,2,0
1,3,2,214,463,125,351,0.93,0,0,0
1,4,4,1257,423,81,224,0.92,0,4,0
1,7,1,1485,393,172,442,0.94,0,7,0
1,8,5,981,402,88,195,0.91,0,3,0
2,1,3,669,421,122,251,0.92,0,2,0
2,2,5,982,402,89,196,0.91,0,3,0
2,3,2,214,463,125,352,0.93,0,0,0
2,7,1,1479,395,173,447,0.94,0,7,0
2,16,4,1254,423,81,223,0.93,0,4,0
3,1,3,667,420,122,251,0.92,0,2,0
3,2,5,981,402,91,201,0.91,0,3,0
3,3,2,214,463,125,352,0.93,0,0,0
3,4,4,1252,423,81,223,0.92,0,4,0
3,17,1,1474,396,173,447,0.93,0,7,0
4,1,3,661,421,123,252,0.91,0,2,0
4,2,5,983,403,91,201,0.92,0,3,0
4,3,2,214,462,125,351,0.93,0,0,0
4,4,4,1251,423,81,224,0.92,0,4,0
4,17,1,1469,398,173,447,0.92,0,7,0
5,1,3,654,420,123,252,0.91,0,2,0
5,2,5,985,403,90,200,0.92,0,3,0
5,3,2,214,462,125,351,0.93,0,0,0
5,4,4,1249,423,81,223,0.93,0,4,0
5,17,1,1461,398,173,448,0.93,0,7,0
6,1,3,649,419,122,253,0.9,0,2,0
6,2,5,986,403,90,202,0.92,0,3,0
6,3,2,215,462,124,349,0.93,0,0,0
6,4,4,1247,424,80,222,0.92,0,4,0
6,17,1,1455,398,174,449,0.93,0,6,0
7,1,3,644,418,122,254,0.9,0,2,0
7,2,5,988,402,89,199,0.92,0,3,0
7,3,2,215,462,124,348,0.93,0,0,0
7,4,4,1245,424,80,220,0.92,0,4,0
7,23,1,1448,397,174,449,0.94,0,6,0
8,1,3,639,416,121,256,0.89,0,2,0
8,2,5,990,402,88,197,0.92,0,3,0
8,3,2,215,462,123,347,0.93,0,0,0
8,4,4,1243,424,80,220,0.92,0,4,0
8,17,1,1441,396,173,450,0.94,0,6,0
9,1,3,634,415,120,256,0.89,0,2,0
9,2,5,992,403,88,197,0.92,0,3,0
9,3,2,215,462,124,348,0.93,0,0,0
9,4,4,1242,424,80,220,0.93,0,4,0
9,17,1,1434,396,173,450,0.93,0,6,0
10,1,3,633,415,118,257,0.89,0,2,0
10,2,5,995,403,87,196,0.92,0,3,0
10,3,2,215,461,124,349,0.93,0,0,0
10,4,4,1240,425,80,219,0.92,0,4,0
10,17,1,1428,394,172,451,0.92,0,6,0
11,1,3,628,414,116,258,0.86,0,2,0
11,2,5,997,402,87,196,0.92,0,3,0
11,3,2,216,462,124,349,0.93,0,0,0
11,4,4,1240,426,79,218,0.92,0,4,0
11,17,1,1423,392,172,453,0.91,0,6,0
12,1,3,623,413,116,262,0.88,0,2,0
12,2,5,1000,401,86,194,0.92,0,3,0
12,3,2,216,461,124,351,0.93,0,0,0
12,4,4,1239,426,78,217,0.92,0,4,0
12,17,1,1418,392,171,454,0.91,0,6,0
13,1,3,621,414,113,261,0.9,0,2,0
13,2,5,1002,401,86,194,0.92,0,3,0
13,3,2,217,462,124,353,0.93,0,0,0
13,4,4,1238,427,78,216,0.92,0,4,0
13,17,1,1415,392,170,453,0.89,0,6,0
14,1,3,618,414,111,260,0.89,0,1,0
14,2,5,1003,401,86,195,0.91,0,3,0
14,3,2,218,462,123,352,0.93,0,0,0
14,4,4,1238,427,78,216,0.92,0,4,0
14,17,1,1412,392,169,454,0.87,0,6,0
15,1,3,612,414,111,262,0.91,0,1,0
15,2,5,1006,401,86,194,0.91,0,3,0
15,3,2,218,462,122,352,0.94,0,0,0
15,4,4,1237,427,77,216,0.92,0,4,0
15,17,1,1399,394,164,443,0.85,0,6,0
16,1,3,609,415,110,260,0.91,0,1,0
16,2,5,1007,401,87,195,0.92,0,3,0
16,3,2,219,462,122,352,0.93,0,0,0
16,4,4,1236,427,77,216,0.92,0,4,0
16,17,1,1396,392,167,450,0.93,0,6,0
17,1,3,606,415,109,258,0.92,0,1,0
17,3,2,220,462,122,356,0.93,0,0,0
17,4,4,1235,427,77,217,0.92,0,4,0
17,17,1,1392,391,167,451,0.93,0,6,0
17,27,5,1008,401,88,198,0.91,0,3,0
18,1,3,605,416,108,255,0.92,0,1,0
18,3,2,220,462,122,358,0.93,0,0,0
18,4,4,1233,427,77,217,0.92,0,4,0
18,17,1,1383,392,170,456,0.93,0,6,0
18,27,5,1011,401,89,200,0.9,0,3,0
19,1,3,606,415,107,254,0.92,0,1,0
19,2,5,1013,401,89,199,0.9,0,3,0
19,3,2,220,461,123,361,0.93,0,0,0
19,4,4,1231,426,76,214,0.92,0,4,0
19,17,1,1371,392,172,456,0.94,0,6,0
20,1,3,607,417,106,253,0.92,0,1,0
20,3,2,221,462,123,364,0.93,0,0,0
20,4,4,1231,426,76,213,0.92,0,4,0
20,17,1,1359,393,175,456,0.95,0,6,0
20,31,5,1014,401,90,201,0.89,0,3,0
21,1,3,606,417,106,252,0.91,0,1,0
21,2,5,1017,401,91,202,0.88,0,3,0
21,3,2,221,461,123,366,0.93,0,0,0
21,4,4,1229,426,76,212,0.92,0,4,0
21,17,1,1350,395,179,454,0.95,0,6,0
22,1,3,604,418,106,252,0.92,0,1,0
22,3,2,221,461,123,367,0.94,0,0,0
22,4,4,1228,427,76,211,0.92,0,4,0
22,17,1,1345,397,182,452,0.95,0,6,0
22,33,5,1018,401,92,204,0.89,0,3,0
23,1,3,600,417,108,256,0.93,0,1,0
23,3,2,222,461,122,368,0.94,0,0,0
23,4,4,1227,427,77,211,0.92,0,4,0
23,17,1,1343,399,185,449,0.95,0,6,0
23,33,5,1021,401,93,207,0.9,0,3,0
24,1,3,595,418,110,259,0.93,0,1,0
24,3,2,223,461,122,369,0.94,0,0,0
24,4,4,1226,427,77,212,0.92,0,4,0
24,17,1,1340,401,187,445,0.95,0,5,0
24,33,5,1022,400,93,206,0.89,0,3,0
25,1,3,592,418,110,254,0.93,0,1,0
25,3,2,223,461,122,369,0.94,0,0,0
25,17,1,1336,402,191,444,0.95,0,5,0
25,21,4,1225,427,78,212,0.92,0,4,0
25,33,5,1024,400,93,206,0.9,0,3,0
26,1,3,586,419,112,253,0.93,0,1,0
26,3,2,224,461,121,369,0.94,0,0,0
26,4,4,1224,428,79,212,0.92,0,4,0
26,17,1,1334,403,193,442,0.95,0,5,0
26,33,5,1027,400,95,208,0.9,0,3,0
27,1,3,579,419,117,258,0.91,0,1,0
27,3,2,224,461,121,369,0.94,0,0,0
27,4,4,1224,428,79,211,0.92,0,4,0
27,17,1,1330,401,196,444,0.95,0,5,0
27,33,5,1030,400,95,207,0.9,0,3,0
28,1,3,573,419,121,262,0.91,0,1,0
28,3,2,225,461,120,369,0.94,0,0,0
28,4,4,1224,429,79,211,0.91,0,4,0
28,17,1,1324,399,199,446,0.95,0,5,0
28,33,5,1032,399,97,212,0.9,0,4,0
29,1,3,568,418,122,259,0.91,0,1,0
29,3,2,225,461,120,369,0.94,0,0,0
29,4,4,1223,430,80,212,0.91,0,4,0
29,17,1,1317,398,200,449,0.94,0,5,0
29,33,5,1033,399,100,217,0.91,0,4,0
30,1,3,565,419,121,256,0.93,0,1,0
30,3,2,225,461,120,369,0.94,0,0,0
30,4,4,1222,430,80,212,0.91,0,4,0
30,17,1,1307,397,201,450,0.93,0,5,0
30,33,5,1036,399,100,216,0.91,0,4,0
31,1,3,564,419,121,256,0.92,0,1,0
31,3,2,226,461,120,369,0.94,0,0,0
31,4,4,1224,431,79,208,0.91,0,4,0
31,17,1,1296,396,201,449,0.94,0,5,0
31,33,5,1039,399,98,211,0.9,0,4,0
32,1,3,565,418,119,253,0.92,0,1,0
32,3,2,226,461,120,369,0.94,0,0,0
32,4,4,1224,431,79,207,0.91,0,4,0
32,17,1,1285,395,201,450,0.94,0,5,0
32,33,5,1042,400,98,211,0.91,0,4,0
33,1,3,567,418,117,250,0.92,0,1,0
33,3,2,226,461,119,369,0.94,0,0,0
33,4,4,1225,432,78,205,0.91,0,4,0
33,17,1,1273,394,200,450,0.93,0,5,0
33,33,5,1043,399,102,217,0.91,0,4,0
34,1,3,569,419,115,248,0.92,0,1,0
34,3,2,226,462,119,370,0.94,0,0,0
34,4,4,1225,432,78,205,0.91,0,4,0
34,17,1,1262,394,198,450,0.93,0,5,0
34,33,5,1046,399,101,215,0.9,0,4,0
35,1,3,571,418,114,251,0.93,0,1,0
35,3,2,227,462,119,369,0.94,0,0,0
35,4,4,1227,432,77,204,0.91,0,4,0
35,17,1,1253,394,197,453,0.92,0,5,0
35,33,5,1048,399,103,216,0.9,0,4,0
36,1,3,572,418,114,254,0.93,0,1,0
36,3,2,227,463,119,369,0.94,0,0,0
36,17,1,1246,393,195,455,0.92,0,5,0
36,33,5,1051,399,103,216,0.91,0,4,0
36,35,4,1227,433,76,203,0.9,0,4,0
37,1,3,574,419,111,251,0.92,0,1,0
37,3,2,228,462,118,369,0.93,0,0,0
37,4,4,1229,433,75,199,0.89,0,4,0
37,17,1,1238,393,194,456,0.92,0,5,0
37,33,5,1053,398,104,216,0.9,0,4,0
38,1,3,576,420,108,249,0.92,0,1,0
38,3,2,229,463,115,358,0.93,0,0,0
38,4,4,1231,433,72,192,0.88,0,4,0
38,17,1,1234,394,192,453,0.92,0,5,0
38,33,5,1055,398,106,221,0.91,0,4,0
39,1,3,576,420,106,250,0.91,0,1,0
39,3,2,230,463,114,354,0.93,0,0,0
39,4,4,1232,433,71,192,0.88,0,4,0
39,17,1,1232,395,189,450,0.94,0,5,0
39,33,5,1058,398,107,223,0.91,0,4,0
40,1,3,576,420,104,250,0.9,0,1,0
40,3,2,231,463,112,350,0.93,0,0,0
40,4,4,1232,434,72,196,0.88,0,4,0
40,17,1,1229,396,187,449,0.94,0,5,0
40,33,5,1060,399,107,223,0.9,0,4,0
41,1,3,576,422,102,249,0.9,0,1,0
41,3,2,232,463,112,348,0.93,0,0,0
41,4,4,1232,435,71,196,0.87,0,4,0
41,17,1,1224,396,186,447,0.94,0,5,0
41,33,5,1062,398,108,225,0.9,0,4,0
42,1,3,576,422,101,250,0.9,0,1,0
42,3,2,232,463,112,348,0.93,0,0,0
42,4,4,1233,436,69,191,0.82,0,4,0
42,17,1,1220,397,185,446,0.94,0,5,0
42,33,5,1064,399,108,225,0.9,0,4,0
43,1,3,575,423,100,249,0.9,0,1,0
43,3,2,231,463,115,361,0.93,0,0,0
43,4,4,1233,436,68,189,0.75,0,4,0
43,17,1,1214,397,186,446,0.94,0,5,0
43,33,5,1067,399,107,223,0.91,0,4,0
44,1,3,575,425,97,246,0.9,0,1,0
44,3,2,231,463,116,366,0.93,0,0,0
44,4,4,1234,435,68,189,0.42,0,4,0
44,17,1,1210,399,187,446,0.94,0,5,0
44,33,5,1069,399,111,232,0.91,0,4,0
45,1,3,576,427,96,243,0.91,0,1,0
45,3,2,231,463,116,367,0.93,0,0,0
45,6,4,1232,429,73,201,0.4475,1,4,0
45,17,1,1206,401,189,446,0.95,0,5,0
45,33,5,1070,399,111,234,0.91,0,4,0
46,1,3,577,428,94,239,0.91,0,1,0
46,3,2,231,463,116,367,0.92,0,0,0
46,4,4,1231,422,77,214,0.475,1,4,0
46,17,1,1202,403,190,446,0.94,0,4,0
46,33,5,1074,400,111,233,0.92,0,4,0
47,1,3,577,429,94,239,0.91,0,1,0
47,3,2,231,464,115,366,0.93,0,0,0
47,6,4,1229,416,82,226,0.5025000000000001,1,4,0
47,17,1,1198,403,193,447,0.95,0,4,0
47,33,5,1076,400,111,235,0.92,0,4,0
48,1,3,577,429,93,239,0.9,0,1,0
48,3,2,231,464,115,366,0.93,0,0,0
48,17,1,1194,404,194,447,0.95,0,4,0
48,33,5,1082,399,108,227,0.9,0,4,0
49,1,3,578,429,93,239,0.91,0,1,0
49,3,2,231,464,115,365,0.93,0,0,0
49,17,1,1188,403,196,447,0.94,0,4,0
49,28,4,1227,409,87,238,0.53,0,5,0
49,33,5,1086,400,107,224,0.91,0,4,0
